5.518800491083727423e-03
1.248862142635191524e-03
5.097116768436918757e-03
4.565690099760880290e-04
9.329620371120570963e-04
5.565315172793123925e-03
7.605135698470134225e-04
5.490270708051681525e-04
6.376634062933293073e-03
9.198506097101877711e-04
3.823045462687116227e-03
2.728184071132225361e-03
2.893896821909176971e-03
5.897623602763006449e-03
8.759044375492218383e-04
5.552242019562372323e-03
3.601645695711855420e-03
6.290803430356140891e-04
5.438373892838498265e-03
2.281413358136159114e-03
5.771082571486241221e-04
6.628440471721648054e-03
6.063742071886654185e-03
7.129879823621443173e-03
2.446625849085554052e-03
5.927778934099603089e-03
5.776826447060795164e-03
5.450908032078515160e-03
1.716894458856093588e-03
1.305890075113580592e-03
9.677607765928583974e-04
9.124123343665961833e-04
3.039396697088324762e-03
2.991619797610859787e-03
5.334966093098525430e-03
1.788954768082081379e-03
3.241760700970953372e-03
1.447599757862368065e-03
7.114752197025765723e-03
5.857734073902901017e-03
4.768759233053925135e-04
4.493061323024431005e-04
4.577875541723689908e-04
7.419014792966201850e-04
1.224201696249830858e-03
3.221782776966835345e-03
5.381673866068315167e-03
3.386444238594204462e-03
4.679449414072754079e-04
6.848226124055280598e-03
5.091480287023594786e-03
1.003890336957538815e-03
4.880812905430667939e-03
6.858246802360861262e-04
2.768080796352228971e-03
1.676062956521383015e-03
4.935248085062425571e-03
7.134742530930736348e-03
1.120313936960312022e-03
6.982382186537858595e-03
3.311034957131569773e-03
2.999950763525616355e-03
6.507791983648473187e-03
1.506023249055917597e-03
6.908845572749338672e-03
6.692382069296591227e-03
3.032838169332698411e-03
6.107771965645675954e-03
3.207756674115611831e-03
1.439134386009412485e-03
6.811692231642615947e-03
3.397758452869084969e-03
5.859903751578357783e-04
3.341364954428308835e-03
2.497385208949686949e-03
5.480884674871415148e-04
9.500486418289152057e-04
2.723165554809873871e-03
5.329942168743400602e-04
3.235615876872642484e-03
3.022014190017003818e-03
3.065016031169751944e-03
4.591575108852022206e-04
1.737409309648713443e-03
2.843284113008541936e-03
4.049644117555028025e-03
3.916019397591199297e-03
1.233145245427183945e-03
1.422457614229040044e-03
5.256430074922056710e-03
3.414373943663860655e-03
5.857381412450355599e-04
2.039923500547621924e-03
1.457272727198379329e-03
4.689664081473742647e-04
4.908058281298214622e-03
2.547959604224453271e-03
3.445209833735237825e-03
7.543928376195205071e-04
5.016470236577003951e-03
5.190209003189797700e-04
1.102731152850210811e-03
2.006831680875188414e-03
6.605868354242469542e-03
1.486446804060426305e-03
1.145290667534506384e-03
7.063901958285668733e-03
3.008238427203818646e-03
7.735207931721121716e-04
1.325526393225203098e-03
4.641325755086630990e-04
6.489680793047563657e-03
7.018260124676651071e-03
4.938545344029531339e-03
6.873265181518614306e-03
2.646265804823348233e-03
3.441129024535700531e-03
2.070500497847872594e-03
4.780478265513156064e-03
4.817420167081625328e-04
1.161813258463349286e-03
4.575795980897801908e-03
5.650536000410670036e-03
8.264778814051004308e-04
3.488759007255242545e-03
7.009718051772344943e-03
6.766945687606103904e-03
3.080833722736972969e-03
2.113609018745860567e-03
6.868929056507908776e-03
4.977262380589759887e-03
2.135352862408054775e-03
6.012883599357922784e-03
1.093396507683413923e-03
6.680169758900649478e-03
1.428334815860111528e-03
9.796560185445326360e-04
3.574528927145642805e-03
1.162575660321109100e-03
6.175311485833595744e-03
6.977039654736606929e-03
5.053731418739485469e-03
5.745767032376856119e-03
2.547620475113692752e-03
1.094332896984014135e-03
2.406127299902514373e-03
7.130690721991477313e-03
3.057038763938318623e-03
7.097878355463142601e-03
1.542299086635891400e-03