6.798080801963806152e-01
1.695195078849792480e+00
1.269472956657409668e+00
2.036301612854003906e+00
1.758656740188598633e+00
1.221876621246337891e+00
1.803608775138854980e+00
1.885580182075500488e+00
1.126684188842773438e+00
2.298081159591674805e+00
5.687501430511474609e-01
5.105769634246826172e-01
1.483656167984008789e+00
7.115389704704284668e-01
2.282215595245361328e+00
6.824523210525512695e-01
3.138948440551757812e+00
2.176446199417114258e+00
1.235097885131835938e+00
2.673562765121459961e+00
2.147359609603881836e+00
1.089664816856384277e+00
1.166347742080688477e+00
9.204336404800415039e-01
2.715870618820190430e+00
1.182213068008422852e+00
7.009620070457458496e-01
6.745196580886840820e-01
2.530773878097534180e+00
2.419715881347656250e+00
1.750724077224731445e+00
2.295436859130859375e+00
5.264423489570617676e-01
2.869236230850219727e+00
1.245674848556518555e+00
2.549283504486083984e+00
5.370193123817443848e-01
2.459379434585571289e+00
9.653856754302978516e-01
1.190145850181579590e+00
1.938464879989624023e+00
2.012503385543823242e+00
1.964907288551330566e+00
2.229331016540527344e+00
2.395917892456054688e+00
2.948563337326049805e+00
6.692311763763427734e-01
3.017313480377197266e+00
1.949041843414306641e+00
1.050001263618469238e+00
6.480772495269775391e-01
1.742791295051574707e+00
1.290626883506774902e+00
1.827406883239746094e+00
1.496877312660217285e+00
2.520196914672851562e+00
1.285338401794433594e+00
9.310106039047241211e-01
1.718993186950683594e+00
1.018270373344421387e+00
1.441348314285278320e+00
2.871880531311035156e+00
1.108174443244934082e+00
2.475244998931884766e+00
1.036780118942260742e+00
1.079087853431701660e+00
2.882457494735717773e+00
1.161059260368347168e+00
2.943274974822998047e+00
1.663464188575744629e+00
8.199526667594909668e-01
3.022602081298828125e+00
2.152647972106933594e+00
5.423077940940856934e-01
2.729091644287109375e+00
2.128849983215332031e+00
2.308658123016357422e+00
2.789909124374389648e+00
2.118273019790649414e+00
2.953851938247680664e+00
1.470434904098510742e+00
2.893034458160400391e+00
2.041590213775634766e+00
2.536062479019165039e+00
1.488944649696350098e+00
1.369953989982604980e+00
5.740386247634887695e-01
2.398562192916870117e+00
1.666108489036560059e+00
1.253607511520385742e+00
3.030534744262695312e+00
1.867070436477661133e+00
2.612745285034179688e+00
2.462023735046386719e+00
2.057455539703369141e+00
1.287982583045959473e+00
1.520675420761108398e+00
1.428127169609069824e+00
2.234619379043579102e+00
1.277405619621276855e+00
2.107696056365966797e+00
2.358898639678955078e+00
1.584137082099914551e+00
7.882218360900878906e-01
2.469956398010253906e+00
2.372119665145874023e+00
8.807700872421264648e-01
2.874524831771850586e+00
2.242552042007446289e+00
1.681973934173583984e+00
1.954330325126647949e+00
1.110818743705749512e+00
1.007693529129028320e+00
6.375003457069396973e-01
1.044712781906127930e+00
2.768755197525024414e+00
3.043755769729614258e+00
1.576204419136047363e+00
6.269233822822570801e-01
2.073320865631103516e+00
1.711060523986816406e+00
6.137021780014038086e-01
6.903850436210632324e-01
1.785099148750305176e+00
5.502405166625976562e-01
1.010337710380554199e+00
1.065866708755493164e+00
2.898322820663452148e+00
2.631254911422729492e+00
8.305296301841735840e-01
6.401445269584655762e-01
1.568271756172180176e+00
7.221158742904663086e-01
1.724281668663024902e+00
7.987987399101257324e-01
2.454091072082519531e+00
1.748079776763916016e+00
3.120438814163208008e+00
2.377408266067504883e+00
7.379813194274902344e-01
8.543277382850646973e-01
6.454330086708068848e-01
6.983177661895751953e-01
2.742312908172607422e+00
2.356254339218139648e+00
1.536540865898132324e+00
9.495202898979187012e-01
2.890390157699584961e+00
9.759626388549804688e-01
1.647598862648010254e+00