5.536204148953428016e-03
1.332769967935713059e-03
5.159178637755034054e-03
8.672585005094063642e-04
1.206406809236792738e-03
5.669482536789061979e-03
1.266379982334831737e-03
1.538452826902754651e-03
6.596369379169565901e-03
2.527169219175926114e-04
4.291392710813593525e-03
4.455165614702741479e-03
2.894710419799099987e-03
5.973965647076792673e-03
2.864924409633661439e-04
5.573333191505531678e-03
1.213188716136757859e-05
5.155361787301822709e-04
5.529928943913414371e-03
4.504712816122727440e-05
6.055720216890737905e-04
6.898244795432696697e-03
6.231660700275977807e-03
7.541524311397423443e-03
1.491113486672152204e-06
6.076197288375564942e-03
5.830550478609499571e-03
5.461842915286138286e-03
1.047228879391685674e-04
1.675101514579823868e-04
1.208586010660923742e-03
3.130764749446810998e-04
4.323512560846713530e-03
-1.979338398160176895e-05
5.416831450707214161e-03
7.893908666410584800e-05
4.273079912189734278e-03
1.476568503359235250e-04
7.515254550420995966e-03
5.996847939954533073e-03
1.252449418194375493e-03
9.882779410610941472e-04
1.175256841967006706e-03
4.135783777280663850e-04
1.832490004893445065e-04
3.517748050769287170e-05
5.387478552804096134e-03
-2.009289693329008775e-05
1.237579495776679195e-03
7.169522950457037080e-03
5.093714659436214022e-03
1.212239870156683625e-03
4.928330891456855246e-03
1.342389147947932590e-03
2.768755454394766519e-03
9.880582678542477798e-05
4.986006463166943459e-03
7.546281180990150120e-03
1.256982251985580426e-03
7.339992538317769745e-03
3.313239959980581080e-03
2.802322346420656681e-05
6.752566410459389344e-03
1.266945200602281212e-04
7.245980815591008747e-03
6.976202945177111849e-03
-1.748148418128464240e-05
6.282308593260677899e-03
-7.857492697023499729e-05
1.479203141066665842e-03
7.133409361913221024e-03
2.461449915375987853e-05
5.729498099303511997e-04
4.258935222836301646e-03
4.350097454022802326e-05
6.429000159209694726e-04
2.876252372143195965e-04
-2.114965352756411357e-05
6.096605228484935999e-04
1.383177282486522971e-05
3.022980489111819387e-03
6.715818201893662188e-05
8.917514131461946447e-04
-1.902979512660624668e-05
2.844026725398089619e-03
4.062433567151265898e-03
4.316720881700221099e-03
1.350655334611361815e-04
1.461311188815527743e-03
5.331144446962802173e-03
2.276837024813613180e-05
1.519559730255260312e-03
6.726569685025640005e-05
1.246097715079790024e-04
8.276250143289167610e-04
4.955691001229278747e-03
2.548566660372099391e-03
3.448393403322119743e-03
3.996057529192303601e-04
5.072723764450050472e-03
6.793617911629491355e-04
1.743035227440676790e-04
2.010027904049577555e-03
6.865110759315404612e-03
1.319012995203540449e-04
1.737475047775784620e-04
7.460317648575647345e-03
-1.854665418776964777e-05
3.519224927011471433e-04
1.387999748158038563e-03
1.215609365336598521e-03
6.730868972883737207e-03
7.386464081468464490e-03
4.952032519324692066e-03
7.200865533766891667e-03
-3.345485823138189101e-06
1.454771781600915548e-05
2.073422213616019083e-03
4.816437418015115379e-03
7.317282252434612099e-04
1.278606778636101398e-03
4.659010480947471840e-03
5.684283877925297608e-03
1.227439753157530790e-03
4.251074503123454008e-03
7.375373700612425885e-03
7.068192232735942548e-03
1.608656450497252284e-05
6.281057330750509709e-05
7.208106199144937234e-03
4.986962719370405424e-03
2.137599867423265170e-03
6.113677363632391212e-03
1.244574323973935597e-03
6.961805830779034705e-03
9.976370358284765004e-05
1.209817821008447826e-03
1.354178739773306425e-05
1.664445346404970971e-04
6.314635151040887996e-03
7.348706853665659851e-03
5.057837461080379529e-03
5.794216851616534707e-03
-2.432795080453682036e-06
2.300874416200856284e-04
2.406934413574794967e-03
7.538246720554211099e-03
1.561640532159871023e-05
7.492072454649196557e-03
1.565383432070749240e-03