2.506174519658088684e-02
-5.295969247817993164e-01
3.810107409954071045e-01
-5.812248587608337402e-02
1.107504009269177914e-03
1.306375503540039062e+00
-5.883750319480895996e-01
5.832369253039360046e-02
6.793192625045776367e-01
-2.613340020179748535e-01
-1.203917264938354492e+00
5.989417433738708496e-01
3.139927983283996582e-01
2.035154104232788086e-01
7.962121963500976562e-01
-8.325085788965225220e-02
-5.521981120109558105e-01
-2.745102047920227051e-01
-6.386147439479827881e-02
-1.073509920388460159e-02
2.771471999585628510e-02
2.242486327886581421e-01
-5.878522992134094238e-01
4.781036376953125000e-01
2.824146151542663574e-01
-3.452409505844116211e-01
-4.424824416637420654e-01
5.810632109642028809e-01
3.165111541748046875e-01
1.524091325700283051e-02
9.270150661468505859e-01
2.638817131519317627e-01
-7.666987180709838867e-01
-2.291420102119445801e-01
-8.380015194416046143e-02
7.214668672531843185e-03
-4.522641003131866455e-02
-4.555405378341674805e-01
-3.927878439426422119e-01
9.987592697143554688e-01
1.211715638637542725e-01
-4.886791706085205078e-01
-1.607017666101455688e-01
3.687808811664581299e-01
2.911334037780761719e-01
-1.177129626274108887e+00
3.801606595516204834e-01
1.175508141517639160e+00
-6.125258803367614746e-01
-9.401764869689941406e-01
-1.674356907606124878e-01
-8.125641196966171265e-02
-3.767920732498168945e-01
4.865297675132751465e-01
-2.561421692371368408e-01
9.710330963134765625e-01
6.238474249839782715e-01
-3.475360274314880371e-01
1.154687285423278809e+00
-2.583478391170501709e-01
3.352806568145751953e-01
6.335119716823101044e-03
-1.143241167068481445e+00
9.258784651756286621e-01
2.260971115902066231e-03
-1.770287984982132912e-03
-1.862604767084121704e-01
3.922555744647979736e-01
-5.357545614242553711e-01
-6.786552257835865021e-04
-1.049493812024593353e-02
-8.209482766687870026e-04
-2.155183581635355949e-03
-8.285556919872760773e-03
-6.341971922665834427e-03
3.227706765756011009e-03
4.346742331981658936e-01
1.466161455027759075e-03
-7.065808866173028946e-03
-5.368001293390989304e-03
-2.078888006508350372e-03
1.884339028038084507e-03
-3.592092776671051979e-03
-3.261643648147583008e-02
1.361242234706878662e-01
