5.025250911712646484e-01
-5.815300345420837402e-01
4.051879048347473145e-02
-1.018475055694580078e+00
-4.082540273666381836e-01
6.920212507247924805e-02
-2.930784821510314941e-01
-7.510645985603332520e-01
8.265626430511474609e-02
-3.279766440391540527e-01
2.539126761257648468e-02
-1.344059705734252930e-01
-2.544611692428588867e-01
-1.471059322357177734e+00
6.418562531471252441e-01
7.891036272048950195e-01
-1.655615568161010742e+00
6.870491504669189453e-01
-2.860395014286041260e-01
5.309547781944274902e-01
-8.518860936164855957e-01
-2.802653312683105469e-01
2.843605913221836090e-02
2.752351164817810059e-01
4.060517549514770508e-01
3.290764987468719482e-02
3.305115699768066406e-01
-2.950144000351428986e-03
2.390616945922374725e-02
2.556033432483673096e-01
1.142450259067118168e-03
-1.755711674690246582e+00
-1.539367914199829102e+00
-8.407438173890113831e-03
-3.963273484259843826e-03
-2.344978600740432739e-01
5.993839502334594727e-01
8.302399516105651855e-01
2.032929658889770508e-01
6.014783866703510284e-03
-6.596840918064117432e-03
-1.399633381515741348e-02
-6.854879204183816910e-03
-3.999730106443166733e-04
1.544463913887739182e-02
1.171764917671680450e-02
-2.400663448497653008e-03
-1.487052440643310547e-02
8.732358925044536591e-03
1.003438699990510941e-02
1.528189610689878464e-02
4.786588251590728760e-03
-1.322228368371725082e-02
-2.256774455308914185e-01