5.415141116827726364e-03
1.520195743069052696e-03
-6.370272487401962280e-03
-1.456502676010131836e+00
-1.450438648462295532e-01
-1.374234817922115326e-02
-6.597344875335693359e-01
-5.820077285170555115e-02
-7.848914712667465210e-03
-4.311655759811401367e-01
-1.296572387218475342e-02
-6.348954439163208008e-01
-8.548605442047119141e-01
8.221072554588317871e-01
6.771382093429565430e-01
-5.613163709640502930e-01
9.582985639572143555e-01
8.326971530914306641e-01
1.469058871269226074e+00
1.971449851989746094e+00
-3.558066785335540771e-01
-3.420679364353418350e-03
7.696215510368347168e-01
1.247182711958885193e-01
1.657022628933191299e-03
5.931116938591003418e-01
-3.113491926342248917e-03
7.488321661949157715e-01
1.839312613010406494e-01
-6.059942245483398438e-01
-1.029575705528259277e+00
-1.195268034934997559e+00
2.311774939298629761e-01
7.229058742523193359e-01
1.169716939330101013e-01
-7.869737148284912109e-01
7.937676906585693359e-01
-1.754311174154281616e-01
1.799738674890249968e-05
3.930914774537086487e-02
-1.742430846206843853e-03
-1.508275308879092336e-04
-2.325921691954135895e-02
9.176611304283142090e-01
-1.692192316055297852e+00
-2.196954488754272461e-01
-4.550657272338867188e-01
5.452279001474380493e-02
-5.319827795028686523e-01
-1.762928068637847900e-01
-2.222963360054563964e-07
-2.770595892798155546e-05
-5.406677722930908203e+00
