-1.059650257229804993e-01
-7.062755525112152100e-02
9.674008190631866455e-02
-1.914918720722198486e-01
1.423548460006713867e-01
-1.590609103441238403e-01
3.952555656433105469e-01
4.498943090438842773e-01
-6.436170637607574463e-02
3.578258752822875977e-01
-8.206138759851455688e-02
2.096214741468429565e-01
-2.197477519512176514e-01
-1.570739388465881348e+00
-7.653902769088745117e-01
1.199267625808715820e+00
-1.597037553787231445e+00
-1.571067571640014648e+00
-7.904458045959472656e-02
-2.967395484447479248e-01
4.649207890033721924e-01
-1.566832363605499268e-01
-6.631272435188293457e-01
-6.285493373870849609e-01
1.551858037710189819e-01
-5.169758796691894531e-01
-7.576097846031188965e-01
-8.534362316131591797e-01
-2.340321540832519531e-01
-5.367950652725994587e-04
-1.000432848930358887e+00
1.250965356826782227e+00
7.887291721999645233e-03
9.538131766021251678e-03
-4.518916830420494080e-02
5.607571005821228027e-01
-6.370530724525451660e-01
-3.061978844925761223e-03
-1.562819071114063263e-02
1.021067053079605103e-02
4.389835521578788757e-03
2.734259702265262604e-03
1.490219496190547943e-02
-5.385796073824167252e-03
-3.107586801052093506e-01
1.398801244795322418e-02
9.498190134763717651e-03
4.751134663820266724e-03
-1.246074028313159943e-02
7.968597114086151123e-03
-5.087335128337144852e-03
-3.402273729443550110e-02
-1.564185833558440208e-03
