-1.756591439247131348e+00
-4.036819189786911011e-02
6.368484497070312500e-01
8.174854516983032227e-02
-3.221982419490814209e-01
-1.511113405227661133e+00
1.327695101499557495e-01
1.971229016780853271e-01
-1.905709952116012573e-01
9.663993865251541138e-02
-3.710980340838432312e-02
4.801616072654724121e-02
4.862144589424133301e-01
-4.548588097095489502e-01
-8.134088516235351562e-01
-2.644629776477813721e-01
3.517750501632690430e-01
-2.672348618507385254e-01
-5.043959021568298340e-01
2.808018922805786133e-01
2.582103610038757324e-01
2.254079841077327728e-02
5.308913066983222961e-02
7.227028906345367432e-02
-4.579121246933937073e-03
-1.060476899147033691e-02
-5.355955958366394043e-01
-9.002136066555976868e-03
-1.033553406596183777e-01
3.829776346683502197e-01
1.142450259067118168e-03
3.213502466678619385e-01
2.396425455808639526e-01
-8.407438173890113831e-03
-3.963273484259843826e-03
2.687865197658538818e-01
-6.529154777526855469e-01
1.566989779472351074e+00
3.580544516444206238e-02
6.014783866703510284e-03
-6.596840918064117432e-03
-1.399633381515741348e-02
-6.854879204183816910e-03
-3.999730106443166733e-04
1.544463913887739182e-02
1.171764917671680450e-02
-2.218109965324401855e-01
-1.487052440643310547e-02
8.732358925044536591e-03
1.003438699990510941e-02
1.528189610689878464e-02
4.786588251590728760e-03
-1.322228368371725082e-02
2.248356789350509644e-01
