1.601486802101135254e-01
4.645063281059265137e-01
-3.356499671936035156e-01
-2.509912550449371338e-01
-1.760888397693634033e-01
-4.560636729001998901e-02
3.049120604991912842e-01
7.432944774627685547e-01
7.142940163612365723e-01
-3.516897857189178467e-01
5.095697008073329926e-03
4.453532397747039795e-01
1.637449562549591064e-01
1.614216923713684082e+00
-8.246888518333435059e-01
-4.402101337909698486e-01
-1.513503193855285645e+00
-1.431188702583312988e+00
-5.417371392250061035e-01
4.311460852622985840e-01
2.775034606456756592e-01
5.215907096862792969e-01
1.070657134056091309e+00
-1.082637906074523926e+00
-1.443295836448669434e+00
-7.293085455894470215e-01
-5.947680473327636719e-01
-1.320642352104187012e+00
-1.776074469089508057e-01
-9.300103411078453064e-03
-1.026948928833007812e+00
-7.227804660797119141e-01
-8.530572056770324707e-03
-8.407438173890113831e-03
-6.122260689735412598e-01
7.527456879615783691e-01
4.398942291736602783e-01
-1.171355322003364563e-02
6.393397226929664612e-03
6.014783866703510284e-03
-6.596840918064117432e-03
-1.399633381515741348e-02
-6.854879204183816910e-03
3.831603098660707474e-03
-6.596587896347045898e-01
-9.192590950988233089e-04
-4.973276518285274506e-03
-1.487052440643310547e-02
8.732358925044536591e-03
1.003438699990510941e-02
1.528189610689878464e-02
